 71 101  97  86 120 120 123 119 159 132 143 172 154 165 189 182
 49  80 101 113 106 107 119 112 121 117 149 130 180 166 189 181
 48  46  88  99  87 126  99 121 140 146 142 160 186 202 161 192
 45  57  96  84 115 128 115 103 109 103  99  94  96 110 122 125
 64 110  73  62  74  90  89  84  92  93 107 103  94  98  82  94
 76 100  96 102 111 114 113 114 115 116 115 112 110 113 113  90
137 109  98 108 110 109 112 111 109 106 116 113 109 110 218  96
121  90 162  92  91  90  95  95 104  99 124  97 102 102 105  78
116 195  93  92  95  97  93  99  99 104 102 103 104 101 103  79
160 148  24  36  37 100 135 123  75  71  44  59  60  65  70  76
174 134  46  40  54  54 105  99  58  67  60  44  48  55  57  79
150 136  39  50  44  46 109  97  68  70  49  41  43  50  53  64
210 173  40  41  35  78  40  54  66  38  53  56  51  35  56  73
167 145  49  37  41  41  49  57  57  56  53  54  42  51  41  58
 58  27  36  38  32  34  39  50  38  37  29  44  48  45  48  54
136 155  20  37  32  31  25  72  38  37  35  33  33  41  39  48
 61  98  97  83 116 113 117 110 150 125 136 167 146 157 176 171
 43  76 110 114 104 103 115 106 117 110 143 124 171 158 182 172
 39  38  90  97  86 125  97 118 133 141 136 153 181 200 155 184
 35  50 102  91 125 129 111 102 106 102 100  95  95 113 129 141
 65 107  88  67  79  95  93  85  93  90 106 105  99 106  93 111
 72  96  91  96 104 106 105 104 107 108 107 104 102 109 108 109
113 103  94 103 103 103 106 105 103  98 109 107 105 106 212 109
 98  86 158  88  86  85  89  91  99  94 121  95 100 102 105  89
 89 187  90  87  91  92  88  95  96 103 102 103 105 103 106  92
104  94  30  46  45  99 129 118  80  76  45  62  64  69  78  88
124  80  48  51  65  60 102  98  64  72  63  46  52  61  68  90
 86  71  36  64  53  51 101  95  77  78  55  46  49  57  64  76
180 126  37  50  42  77  42  52  76  47  64  66  60  42  67  90
121 113  55  47  49  52  62  70  70  68  65  65  55  66  51  72
 44  14  36  46  39  41  49  61  49  49  39  58  61  59  62  72
 89 115  18  44  39  39  35 102  49  49  47  44  44  51  50  66
 57 100 101  84 123 114 119 107 148 120 129 158 135 143 157 152
 40  78 121 123 108 107 118 104 117 105 138 117 161 146 168 154
 37  36  96 102  90 131 100 121 133 140 131 147 174 187 142 169
 30  41 101 102 140 138 115 110 112 107 105 102  96 118 132 150
 61  90 116  84  94 108 106  98 105  99 112 114 109 117 103 118
 65  82  78  81  88  89  88  88  90  90  90  87  86  92  91 118
 97  91  76  88  89  87  90  89  87  83  93  90  88  89 206 116
 83  73 145  75  73  72  76  76  84  79 106  77  83  84  87  92
 73 176  76  74  78  78  74  80  81  86  84  85  87  85  87  89
 74  67  47  69  63 104 122 112  86  86  54  71  74  76  84  94
 98  55  66  78  86  68 102  98  72  80  70  55  62  70  75  96
 54  44  49  90  74  60  99  97  85  89  65  56  59  66  72  82
167 108  53  71  63  84  43  54  86  58  75  78  72  51  79  99
 99 102  75  69  68  69  77  85  86  83  80  80  68  81  59  82
 44  15  54  66  59  56  65  77  64  64  54  72  77  76  77  87
 69  99  28  64  59  57  51 126  66  67  64  61  60  70  69  85

182 181 192 125  94  90  96  78  79  76  79  64  73  58  54  48
189 189 161 122  82 113 218 105 103  70  57  53  56  41  48  39
165 166 202 110  98 113 110 102 101  65  55  50  35  51  45  41
154 180 186  96  94 110 109 102 104  60  48  43  51  42  48  33
172 130 160  94 103 112 113  97 103  59  44  41  56  54  44  33
143 149 142  99 107 115 116 124 102  44  60  49  53  53  29  35
132 117 146 103  93 116 106  99 104  71  67  70  38  56  37  37
159 121 140 109  92 115 109 104  99  75  58  68  66  57  38  38
119 112 121 103  84 114 111  95  99 123  99  97  54  57  50  72
123 119  99 115  89 113 112  95  93 135 105 109  40  49  39  25
120 107 126 128  90 114 109  90  97 100  54  46  78  41  34  31
120 106  87 115  74 111 110  91  95  37  54  44  35  41  32  32
 86 113  99  84  62 102 108  92  92  36  40  50  41  37  38  37
 97 101  88  96  73  96  98 162  93  24  46  39  40  49  36  20
101  80  46  57 110 100 109  90 195 148 134 136 173 145  27 155
 71  49  48  45  64  76 137 121 116 160 174 150 210 167  58 136
171 172 184 141 111 109 109  89  92  88  90  76  90  72  72  66
176 182 155 129  93 108 212 105 106  78  68  64  67  51  62  50
157 158 200 113 106 109 106 102 103  69  61  57  42  66  59  51
146 171 181  95  99 102 105 100 105  64  52  49  60  55  61  44
167 124 153  95 105 104 107  95 103  62  46  46  66  65  58  44
136 143 136 100 106 107 109 121 102  45  63  55  64  65  39  47
125 110 141 102  90 108  98  94 103  76  72  78  47  68  49  49
150 117 133 106  93 107 103  99  96  80  64  77  76  70  49  49
110 106 118 102  85 104 105  91  95 118  98  95  52  70  61 102
117 115  97 111  93 105 106  89  88 129 102 101  42  62  49  35
113 103 125 129  95 106 103  85  92  99  60  51  77  52  41  39
116 104  86 125  79 104 103  86  91  45  65  53  42  49  39  39
 83 114  97  91  67  96 103  88  87  46  51  64  50  47  46  44
 97 110  90 102  88  91  94 158  90  30  48  36  37  55  36  18
 98  76  38  50 107  96 103  86 187  94  80  71 126 113  14 115
 61  43  39  35  65  72 113  98  89 104 124  86 180 121  44  89
152 154 169 150 118 118 116  92  89  94  96  82  99  82  87  85
157 168 142 132 103  91 206  87  87  84  75  72  79  59  77  69
143 146 187 118 117  92  89  84  85  76  70  66  51  81  76  70
135 161 174  96 109  86  88  83  87  74  62  59  72  68  77  60
158 117 147 102 114  87  90  77  85  71  55  56  78  80  72  61
129 138 131 105 112  90  93 106  84  54  70  65  75  80  54  64
120 105 140 107  99  90  83  79  86  86  80  89  58  83  64  67
148 117 133 112 105  90  87  84  81  86  72  85  86  86  64  66
107 104 121 110  98  88  89  76  80 112  98  97  54  85  77 126
119 118 100 115 106  88  90  76  74 122 102  99  43  77  65  51
114 107 131 138 108  89  87  72  78 104  68  60  84  69  56  57
123 108  90 140  94  88  89  73  78  63  86  74  63  68  59  59
 84 123 102 102  84  81  88  75  74  69  78  90  71  69  66  64
101 121  96 101 116  78  76 145  76  47  66  49  53  75  54  28
100  78  36  41  90  82  91  73 176  67  55  44 108 102  15  99
 57  40  37  30  61  65  97  83  73  74  98  54 167  99  44  69

 48  37  38  32  33  32  32  35  44  29  28  29  35  34 118 149
 54  41  43  40  36  34  35  34  35  36  37  29  35  33  27  48
 53  41  51  50  48  47  51  52  48  42  42  34  40  40 128 141
 61  49  42  42  45  48  50  71  63  58  79  38  42  45 143 192
 59  50  47  47  48  50  57  79 107 105  69  43  45  41 127 140
 64  60  54  53  59  57  60  76 107 100  71  44  42  39 124 158
 70  67  61  61  55  55  61  99 127 140  90  46  34  38 139 152
 76 100 106 102 102 101  98  97 106 102  98 106 105 108 120 117
 81 101 101 100  97 108  98  98  97  94  96  90  89 100  89 117
104 194 106 105 110 111 111 112 109 107 104 103 100  95 104 142
 88 112 120 108 111 115 113 114 112 110 110 106  99 100 101  70
 90  87  88  95  94 101 102  91  88  87  82  74  65  68 116  64
120 114 111 108 108 111 111 110 108 106 107  99  87  99  63  44
183 172 168 157 153 143 133 130 103 101 116  90  99  81  45  46
184 178 167 159 153 144 131 121 125 122 107 103 105  90  75  48
194 179 178 164 159 148 138 137 125 124 114 114  84 102 100  71
 65  50  50  42  43  44  44  47  65  40  36  36  44  36  80 103
 71  54  58  53  49  45  46  45  46  46  47  36  45  38  16  35
 67  50  65  62  60  60  62  65  62  54  55  42  52  44  97  95
 76  60  50  51  54  58  60  80  62  59  78  46  53  43  99 161
 72  59  54  53  53  57  66  88 106  99  72  52  58  40  66  77
 76  69  59  56  62  61  65  83 109  98  74  54  56  37  71 106
 82  76  64  64  58  57  66 104 124 134  90  56  45  43  88  97
 86 102 107 102 102 101  97  94 102  97  92 100 100 104 116  90
 92 101 100  97  95 105  93  93  92  89  90  85  86  97  85  93
114 189 102 101 103 104 104 103 102 100  97  96  95  89  98 116
104 108 115 102 103 107 106 105 103 102 102  98  92  94  96  66
105  97  96  99  97 100  97  91  89  89  87  80  73  85 114  64
126 118 114 109 107 113 111 111 109 107 110 108  90 102  57  35
175 165 161 151 146 135 127 124 100  98 114  88 101  80  38  37
175 170 159 152 148 138 124 118 119 117 103 100 107  93  72  42
182 169 170 155 152 141 130 127 115 118 108 111  81 102  97  61
 83  68  68  59  61  62  61  64  83  57  53  56  65  53  70  83
 86  70  75  69  65  60  61  60  62  61  62  55  64  58  18  34
 76  60  79  76  74  74  77  79  77  69  72  60  75  65  90  74
 85  70  59  61  65  69  71  89  63  60  84  65  76  59  83 150
 78  68  63  62  63  66  75  94 106  97  80  72  83  55  41  46
 81  78  69  64  71  70  74  88 108  97  81  74  81  52  46  80
 88  83  72  73  68  67  75 108 121 127  94  73  66  61  63  67
 85  83  89  84  84  83  79  78  87  83  79  88  87  91 104  73
 92  83  83  81  78  90  78  78  77  74  76  72  72  83  72  79
119 180  84  83  86  87  87  87  85  85  81  81  80  75  85 100
111  90  97  84  85  90  87  88  86  84  86  82  78  81  83  59
113 105 105 108 106 105 106 103 102 102 100  95  89 106  94  60
125 118 116 112 111 119 116 118 118 113 120 121  98  98  46  29
160 153 150 143 141 131 127 124 101 100 121  92 108  83  36  34
158 156 147 143 141 133 121 118 119 121 106 104 115  99  75  39
164 151 155 144 143 134 125 125 112 119 109 115  82 108 100  57

149  48 141 192 140 158 152 117 117 142  70  64  44  46  48  71
118  27 128 143 127 124 139 120  89 104 101 116  63  45  75 100
 34  33  40  45  41  39  38 108 100  95 100  68  99  81  90 102
 35  35  40  42  45  42  34 105  89 100  99  65  87  99 105  84
 29  29  34  38  43  44  46 106  90 103 106  74  99  90 103 114
 28  37  42  79  69  71  90  98  96 104 110  82 107 116 107 114
 29  36  42  58 105 100 140 102  94 107 110  87 106 101 122 124
 44  35  48  63 107 107 127 106  97 109 112  88 108 103 125 125
 35  34  52  71  79  76  99  97  98 112 114  91 110 130 121 137
 32  35  51  50  57  60  61  98  98 111 113 102 111 133 131 138
 32  34  47  48  50  57  55 101 108 111 115 101 111 143 144 148
 33  36  48  45  48  59  55 102  97 110 111  94 108 153 153 159
 32  40  50  42  47  53  61 102 100 105 108  95 108 157 159 164
 38  43  51  42  47  54  61 106 101 106 120  88 111 168 167 178
 37  41  41  49  50  60  67 100 101 194 112  87 114 172 178 179
 48  54  53  61  59  64  70  76  81 104  88  90 120 183 184 194
103  35  95 161  77 106  97  90  93 116  66  64  35  37  42  61
 80  16  97  99  66  71  88 116  85  98  96 114  57  38  72  97
 36  38  44  43  40  37  43 104  97  89  94  85 102  80  93 102
 44  45  52  53  58  56  45 100  86  95  92  73  90 101 107  81
 36  36  42  46  52  54  56 100  85  96  98  80 108  88 100 111
 36  47  55  78  72  74  90  92  90  97 102  87 110 114 103 108
 40  46  54  59  99  98 134  97  89 100 102  89 107  98 117 118
 65  46  62  62 106 109 124 102  92 102 103  89 109 100 119 115
 47  45  65  80  88  83 104  94  93 103 105  91 111 124 118 127
 44  46  62  60  66  65  66  97  93 104 106  97 111 127 124 130
 44  45  60  58  57  61  57 101 105 104 107 100 113 135 138 141
 43  49  60  54  53  62  58 102  95 103 103  97 107 146 148 152
 42  53  62  51  53  56  64 102  97 101 102  99 109 151 152 155
 50  58  65  50  54  59  64 107 100 102 115  96 114 161 159 170
 50  54  50  60  59  69  76 102 101 189 108  97 118 165 170 169
 65  71  67  76  72  76  82  86  92 114 104 105 126 175 175 182
 83  34  74 150  46  80  67  73  79 100  59  60  29  34  39  57
 70  18  90  83  41  46  63 104  72  85  83  94  46  36  75 100
 53  58  65  59  55  52  61  91  83  75  81 106  98  83  99 108
 65  64  75  76  83  81  66  87  72  80  78  89  98 108 115  82
 56  55  60  65  72  74  73  88  72  81  82  95 121  92 104 115
 53  62  72  84  80  81  94  79  76  81  86 100 120 121 106 109
 57  61  69  60  97  97 127  83  74  85  84 102 113 100 121 119
 83  62  77  63 106 108 121  87  77  85  86 102 118 101 119 112
 64  60  79  89  94  88 108  78  78  87  88 103 118 124 118 125
 61  61  77  71  75  74  75  79  78  87  87 106 116 127 121 125
 62  60  74  69  66  70  67  83  90  87  90 105 119 131 133 134
 61  65  74  65  63  71  68  84  78  86  85 106 111 141 141 143
 59  69  76  61  62  64  73  84  81  83  84 108 112 143 143 144
 68  75  79  59  63  69  72  89  83  84  97 105 116 150 147 155
 68  70  60  70  68  78  83  83  83 180  90 105 118 153 156 151
 83  86  76  85  78  81  88  85  92 119 111 113 125 160 158 164
